{
 "cells": [
  {
   "cell_type": "code",
   "execution_count": 62,
   "metadata": {},
   "outputs": [],
   "source": [
    "# import statistical tools\n",
    "import numpy as np\n",
    "import pandas as pd\n",
    "import sklearn\n",
    "from statsmodels.formula.api import ols\n",
    "import statsmodels as sm\n",
    "from sklearn.linear_model import LinearRegression\n",
    "from sklearn import datasets\n",
    "from statsmodels.stats.outliers_influence import summary_table"
   ]
  },
  {
   "cell_type": "code",
   "execution_count": 63,
   "metadata": {},
   "outputs": [],
   "source": [
    "# import data visualisation tools\n",
    "import matplotlib.pyplot as plt\n",
    "import seaborn as sns\n",
    "%matplotlib inline"
   ]
  },
  {
   "cell_type": "code",
   "execution_count": 64,
   "metadata": {},
   "outputs": [],
   "source": [
    "# import dataset\n",
    "url = \"/Users/arpanganguli/Documents/Finance/ISLR/Datasets/Boston.csv\"\n",
    "Boston = pd.read_csv(url, index_col = \"SlNo\") # please use the absolute path in your own computer like I have used in mine"
   ]
  },
  {
   "cell_type": "code",
   "execution_count": 65,
   "metadata": {},
   "outputs": [
    {
     "data": {
      "text/html": [
       "<div>\n",
       "<style scoped>\n",
       "    .dataframe tbody tr th:only-of-type {\n",
       "        vertical-align: middle;\n",
       "    }\n",
       "\n",
       "    .dataframe tbody tr th {\n",
       "        vertical-align: top;\n",
       "    }\n",
       "\n",
       "    .dataframe thead th {\n",
       "        text-align: right;\n",
       "    }\n",
       "</style>\n",
       "<table border=\"1\" class=\"dataframe\">\n",
       "  <thead>\n",
       "    <tr style=\"text-align: right;\">\n",
       "      <th></th>\n",
       "      <th>crim</th>\n",
       "      <th>zn</th>\n",
       "      <th>indus</th>\n",
       "      <th>chas</th>\n",
       "      <th>nox</th>\n",
       "      <th>rm</th>\n",
       "      <th>age</th>\n",
       "      <th>dis</th>\n",
       "      <th>rad</th>\n",
       "      <th>tax</th>\n",
       "      <th>ptratio</th>\n",
       "      <th>black</th>\n",
       "      <th>lstat</th>\n",
       "      <th>medv</th>\n",
       "    </tr>\n",
       "    <tr>\n",
       "      <th>SlNo</th>\n",
       "      <th></th>\n",
       "      <th></th>\n",
       "      <th></th>\n",
       "      <th></th>\n",
       "      <th></th>\n",
       "      <th></th>\n",
       "      <th></th>\n",
       "      <th></th>\n",
       "      <th></th>\n",
       "      <th></th>\n",
       "      <th></th>\n",
       "      <th></th>\n",
       "      <th></th>\n",
       "      <th></th>\n",
       "    </tr>\n",
       "  </thead>\n",
       "  <tbody>\n",
       "    <tr>\n",
       "      <th>1</th>\n",
       "      <td>0.00632</td>\n",
       "      <td>18.0</td>\n",
       "      <td>2.31</td>\n",
       "      <td>0</td>\n",
       "      <td>0.538</td>\n",
       "      <td>6.575</td>\n",
       "      <td>65.2</td>\n",
       "      <td>4.0900</td>\n",
       "      <td>1</td>\n",
       "      <td>296</td>\n",
       "      <td>15.3</td>\n",
       "      <td>396.90</td>\n",
       "      <td>4.98</td>\n",
       "      <td>24.0</td>\n",
       "    </tr>\n",
       "    <tr>\n",
       "      <th>2</th>\n",
       "      <td>0.02731</td>\n",
       "      <td>0.0</td>\n",
       "      <td>7.07</td>\n",
       "      <td>0</td>\n",
       "      <td>0.469</td>\n",
       "      <td>6.421</td>\n",
       "      <td>78.9</td>\n",
       "      <td>4.9671</td>\n",
       "      <td>2</td>\n",
       "      <td>242</td>\n",
       "      <td>17.8</td>\n",
       "      <td>396.90</td>\n",
       "      <td>9.14</td>\n",
       "      <td>21.6</td>\n",
       "    </tr>\n",
       "    <tr>\n",
       "      <th>3</th>\n",
       "      <td>0.02729</td>\n",
       "      <td>0.0</td>\n",
       "      <td>7.07</td>\n",
       "      <td>0</td>\n",
       "      <td>0.469</td>\n",
       "      <td>7.185</td>\n",
       "      <td>61.1</td>\n",
       "      <td>4.9671</td>\n",
       "      <td>2</td>\n",
       "      <td>242</td>\n",
       "      <td>17.8</td>\n",
       "      <td>392.83</td>\n",
       "      <td>4.03</td>\n",
       "      <td>34.7</td>\n",
       "    </tr>\n",
       "    <tr>\n",
       "      <th>4</th>\n",
       "      <td>0.03237</td>\n",
       "      <td>0.0</td>\n",
       "      <td>2.18</td>\n",
       "      <td>0</td>\n",
       "      <td>0.458</td>\n",
       "      <td>6.998</td>\n",
       "      <td>45.8</td>\n",
       "      <td>6.0622</td>\n",
       "      <td>3</td>\n",
       "      <td>222</td>\n",
       "      <td>18.7</td>\n",
       "      <td>394.63</td>\n",
       "      <td>2.94</td>\n",
       "      <td>33.4</td>\n",
       "    </tr>\n",
       "    <tr>\n",
       "      <th>5</th>\n",
       "      <td>0.06905</td>\n",
       "      <td>0.0</td>\n",
       "      <td>2.18</td>\n",
       "      <td>0</td>\n",
       "      <td>0.458</td>\n",
       "      <td>7.147</td>\n",
       "      <td>54.2</td>\n",
       "      <td>6.0622</td>\n",
       "      <td>3</td>\n",
       "      <td>222</td>\n",
       "      <td>18.7</td>\n",
       "      <td>396.90</td>\n",
       "      <td>5.33</td>\n",
       "      <td>36.2</td>\n",
       "    </tr>\n",
       "  </tbody>\n",
       "</table>\n",
       "</div>"
      ],
      "text/plain": [
       "         crim    zn  indus  chas    nox     rm   age     dis  rad  tax  \\\n",
       "SlNo                                                                     \n",
       "1     0.00632  18.0   2.31     0  0.538  6.575  65.2  4.0900    1  296   \n",
       "2     0.02731   0.0   7.07     0  0.469  6.421  78.9  4.9671    2  242   \n",
       "3     0.02729   0.0   7.07     0  0.469  7.185  61.1  4.9671    2  242   \n",
       "4     0.03237   0.0   2.18     0  0.458  6.998  45.8  6.0622    3  222   \n",
       "5     0.06905   0.0   2.18     0  0.458  7.147  54.2  6.0622    3  222   \n",
       "\n",
       "      ptratio   black  lstat  medv  \n",
       "SlNo                                \n",
       "1        15.3  396.90   4.98  24.0  \n",
       "2        17.8  396.90   9.14  21.6  \n",
       "3        17.8  392.83   4.03  34.7  \n",
       "4        18.7  394.63   2.94  33.4  \n",
       "5        18.7  396.90   5.33  36.2  "
      ]
     },
     "execution_count": 65,
     "metadata": {},
     "output_type": "execute_result"
    }
   ],
   "source": [
    "# basic exploration of data\n",
    "Boston.head()"
   ]
  },
  {
   "cell_type": "code",
   "execution_count": 66,
   "metadata": {},
   "outputs": [
    {
     "data": {
      "text/html": [
       "<div>\n",
       "<style scoped>\n",
       "    .dataframe tbody tr th:only-of-type {\n",
       "        vertical-align: middle;\n",
       "    }\n",
       "\n",
       "    .dataframe tbody tr th {\n",
       "        vertical-align: top;\n",
       "    }\n",
       "\n",
       "    .dataframe thead th {\n",
       "        text-align: right;\n",
       "    }\n",
       "</style>\n",
       "<table border=\"1\" class=\"dataframe\">\n",
       "  <thead>\n",
       "    <tr style=\"text-align: right;\">\n",
       "      <th></th>\n",
       "      <th>crim</th>\n",
       "      <th>zn</th>\n",
       "      <th>indus</th>\n",
       "      <th>chas</th>\n",
       "      <th>nox</th>\n",
       "      <th>rm</th>\n",
       "      <th>age</th>\n",
       "      <th>dis</th>\n",
       "      <th>rad</th>\n",
       "      <th>tax</th>\n",
       "      <th>ptratio</th>\n",
       "      <th>black</th>\n",
       "      <th>lstat</th>\n",
       "      <th>medv</th>\n",
       "    </tr>\n",
       "  </thead>\n",
       "  <tbody>\n",
       "    <tr>\n",
       "      <th>crim</th>\n",
       "      <td>1.000000</td>\n",
       "      <td>-0.200469</td>\n",
       "      <td>0.406583</td>\n",
       "      <td>-0.055892</td>\n",
       "      <td>0.420972</td>\n",
       "      <td>-0.219247</td>\n",
       "      <td>0.352734</td>\n",
       "      <td>-0.379670</td>\n",
       "      <td>0.625505</td>\n",
       "      <td>0.582764</td>\n",
       "      <td>0.289946</td>\n",
       "      <td>-0.385064</td>\n",
       "      <td>0.455621</td>\n",
       "      <td>-0.388305</td>\n",
       "    </tr>\n",
       "    <tr>\n",
       "      <th>zn</th>\n",
       "      <td>-0.200469</td>\n",
       "      <td>1.000000</td>\n",
       "      <td>-0.533828</td>\n",
       "      <td>-0.042697</td>\n",
       "      <td>-0.516604</td>\n",
       "      <td>0.311991</td>\n",
       "      <td>-0.569537</td>\n",
       "      <td>0.664408</td>\n",
       "      <td>-0.311948</td>\n",
       "      <td>-0.314563</td>\n",
       "      <td>-0.391679</td>\n",
       "      <td>0.175520</td>\n",
       "      <td>-0.412995</td>\n",
       "      <td>0.360445</td>\n",
       "    </tr>\n",
       "    <tr>\n",
       "      <th>indus</th>\n",
       "      <td>0.406583</td>\n",
       "      <td>-0.533828</td>\n",
       "      <td>1.000000</td>\n",
       "      <td>0.062938</td>\n",
       "      <td>0.763651</td>\n",
       "      <td>-0.391676</td>\n",
       "      <td>0.644779</td>\n",
       "      <td>-0.708027</td>\n",
       "      <td>0.595129</td>\n",
       "      <td>0.720760</td>\n",
       "      <td>0.383248</td>\n",
       "      <td>-0.356977</td>\n",
       "      <td>0.603800</td>\n",
       "      <td>-0.483725</td>\n",
       "    </tr>\n",
       "    <tr>\n",
       "      <th>chas</th>\n",
       "      <td>-0.055892</td>\n",
       "      <td>-0.042697</td>\n",
       "      <td>0.062938</td>\n",
       "      <td>1.000000</td>\n",
       "      <td>0.091203</td>\n",
       "      <td>0.091251</td>\n",
       "      <td>0.086518</td>\n",
       "      <td>-0.099176</td>\n",
       "      <td>-0.007368</td>\n",
       "      <td>-0.035587</td>\n",
       "      <td>-0.121515</td>\n",
       "      <td>0.048788</td>\n",
       "      <td>-0.053929</td>\n",
       "      <td>0.175260</td>\n",
       "    </tr>\n",
       "    <tr>\n",
       "      <th>nox</th>\n",
       "      <td>0.420972</td>\n",
       "      <td>-0.516604</td>\n",
       "      <td>0.763651</td>\n",
       "      <td>0.091203</td>\n",
       "      <td>1.000000</td>\n",
       "      <td>-0.302188</td>\n",
       "      <td>0.731470</td>\n",
       "      <td>-0.769230</td>\n",
       "      <td>0.611441</td>\n",
       "      <td>0.668023</td>\n",
       "      <td>0.188933</td>\n",
       "      <td>-0.380051</td>\n",
       "      <td>0.590879</td>\n",
       "      <td>-0.427321</td>\n",
       "    </tr>\n",
       "    <tr>\n",
       "      <th>rm</th>\n",
       "      <td>-0.219247</td>\n",
       "      <td>0.311991</td>\n",
       "      <td>-0.391676</td>\n",
       "      <td>0.091251</td>\n",
       "      <td>-0.302188</td>\n",
       "      <td>1.000000</td>\n",
       "      <td>-0.240265</td>\n",
       "      <td>0.205246</td>\n",
       "      <td>-0.209847</td>\n",
       "      <td>-0.292048</td>\n",
       "      <td>-0.355501</td>\n",
       "      <td>0.128069</td>\n",
       "      <td>-0.613808</td>\n",
       "      <td>0.695360</td>\n",
       "    </tr>\n",
       "    <tr>\n",
       "      <th>age</th>\n",
       "      <td>0.352734</td>\n",
       "      <td>-0.569537</td>\n",
       "      <td>0.644779</td>\n",
       "      <td>0.086518</td>\n",
       "      <td>0.731470</td>\n",
       "      <td>-0.240265</td>\n",
       "      <td>1.000000</td>\n",
       "      <td>-0.747881</td>\n",
       "      <td>0.456022</td>\n",
       "      <td>0.506456</td>\n",
       "      <td>0.261515</td>\n",
       "      <td>-0.273534</td>\n",
       "      <td>0.602339</td>\n",
       "      <td>-0.376955</td>\n",
       "    </tr>\n",
       "    <tr>\n",
       "      <th>dis</th>\n",
       "      <td>-0.379670</td>\n",
       "      <td>0.664408</td>\n",
       "      <td>-0.708027</td>\n",
       "      <td>-0.099176</td>\n",
       "      <td>-0.769230</td>\n",
       "      <td>0.205246</td>\n",
       "      <td>-0.747881</td>\n",
       "      <td>1.000000</td>\n",
       "      <td>-0.494588</td>\n",
       "      <td>-0.534432</td>\n",
       "      <td>-0.232471</td>\n",
       "      <td>0.291512</td>\n",
       "      <td>-0.496996</td>\n",
       "      <td>0.249929</td>\n",
       "    </tr>\n",
       "    <tr>\n",
       "      <th>rad</th>\n",
       "      <td>0.625505</td>\n",
       "      <td>-0.311948</td>\n",
       "      <td>0.595129</td>\n",
       "      <td>-0.007368</td>\n",
       "      <td>0.611441</td>\n",
       "      <td>-0.209847</td>\n",
       "      <td>0.456022</td>\n",
       "      <td>-0.494588</td>\n",
       "      <td>1.000000</td>\n",
       "      <td>0.910228</td>\n",
       "      <td>0.464741</td>\n",
       "      <td>-0.444413</td>\n",
       "      <td>0.488676</td>\n",
       "      <td>-0.381626</td>\n",
       "    </tr>\n",
       "    <tr>\n",
       "      <th>tax</th>\n",
       "      <td>0.582764</td>\n",
       "      <td>-0.314563</td>\n",
       "      <td>0.720760</td>\n",
       "      <td>-0.035587</td>\n",
       "      <td>0.668023</td>\n",
       "      <td>-0.292048</td>\n",
       "      <td>0.506456</td>\n",
       "      <td>-0.534432</td>\n",
       "      <td>0.910228</td>\n",
       "      <td>1.000000</td>\n",
       "      <td>0.460853</td>\n",
       "      <td>-0.441808</td>\n",
       "      <td>0.543993</td>\n",
       "      <td>-0.468536</td>\n",
       "    </tr>\n",
       "    <tr>\n",
       "      <th>ptratio</th>\n",
       "      <td>0.289946</td>\n",
       "      <td>-0.391679</td>\n",
       "      <td>0.383248</td>\n",
       "      <td>-0.121515</td>\n",
       "      <td>0.188933</td>\n",
       "      <td>-0.355501</td>\n",
       "      <td>0.261515</td>\n",
       "      <td>-0.232471</td>\n",
       "      <td>0.464741</td>\n",
       "      <td>0.460853</td>\n",
       "      <td>1.000000</td>\n",
       "      <td>-0.177383</td>\n",
       "      <td>0.374044</td>\n",
       "      <td>-0.507787</td>\n",
       "    </tr>\n",
       "    <tr>\n",
       "      <th>black</th>\n",
       "      <td>-0.385064</td>\n",
       "      <td>0.175520</td>\n",
       "      <td>-0.356977</td>\n",
       "      <td>0.048788</td>\n",
       "      <td>-0.380051</td>\n",
       "      <td>0.128069</td>\n",
       "      <td>-0.273534</td>\n",
       "      <td>0.291512</td>\n",
       "      <td>-0.444413</td>\n",
       "      <td>-0.441808</td>\n",
       "      <td>-0.177383</td>\n",
       "      <td>1.000000</td>\n",
       "      <td>-0.366087</td>\n",
       "      <td>0.333461</td>\n",
       "    </tr>\n",
       "    <tr>\n",
       "      <th>lstat</th>\n",
       "      <td>0.455621</td>\n",
       "      <td>-0.412995</td>\n",
       "      <td>0.603800</td>\n",
       "      <td>-0.053929</td>\n",
       "      <td>0.590879</td>\n",
       "      <td>-0.613808</td>\n",
       "      <td>0.602339</td>\n",
       "      <td>-0.496996</td>\n",
       "      <td>0.488676</td>\n",
       "      <td>0.543993</td>\n",
       "      <td>0.374044</td>\n",
       "      <td>-0.366087</td>\n",
       "      <td>1.000000</td>\n",
       "      <td>-0.737663</td>\n",
       "    </tr>\n",
       "    <tr>\n",
       "      <th>medv</th>\n",
       "      <td>-0.388305</td>\n",
       "      <td>0.360445</td>\n",
       "      <td>-0.483725</td>\n",
       "      <td>0.175260</td>\n",
       "      <td>-0.427321</td>\n",
       "      <td>0.695360</td>\n",
       "      <td>-0.376955</td>\n",
       "      <td>0.249929</td>\n",
       "      <td>-0.381626</td>\n",
       "      <td>-0.468536</td>\n",
       "      <td>-0.507787</td>\n",
       "      <td>0.333461</td>\n",
       "      <td>-0.737663</td>\n",
       "      <td>1.000000</td>\n",
       "    </tr>\n",
       "  </tbody>\n",
       "</table>\n",
       "</div>"
      ],
      "text/plain": [
       "             crim        zn     indus      chas       nox        rm       age  \\\n",
       "crim     1.000000 -0.200469  0.406583 -0.055892  0.420972 -0.219247  0.352734   \n",
       "zn      -0.200469  1.000000 -0.533828 -0.042697 -0.516604  0.311991 -0.569537   \n",
       "indus    0.406583 -0.533828  1.000000  0.062938  0.763651 -0.391676  0.644779   \n",
       "chas    -0.055892 -0.042697  0.062938  1.000000  0.091203  0.091251  0.086518   \n",
       "nox      0.420972 -0.516604  0.763651  0.091203  1.000000 -0.302188  0.731470   \n",
       "rm      -0.219247  0.311991 -0.391676  0.091251 -0.302188  1.000000 -0.240265   \n",
       "age      0.352734 -0.569537  0.644779  0.086518  0.731470 -0.240265  1.000000   \n",
       "dis     -0.379670  0.664408 -0.708027 -0.099176 -0.769230  0.205246 -0.747881   \n",
       "rad      0.625505 -0.311948  0.595129 -0.007368  0.611441 -0.209847  0.456022   \n",
       "tax      0.582764 -0.314563  0.720760 -0.035587  0.668023 -0.292048  0.506456   \n",
       "ptratio  0.289946 -0.391679  0.383248 -0.121515  0.188933 -0.355501  0.261515   \n",
       "black   -0.385064  0.175520 -0.356977  0.048788 -0.380051  0.128069 -0.273534   \n",
       "lstat    0.455621 -0.412995  0.603800 -0.053929  0.590879 -0.613808  0.602339   \n",
       "medv    -0.388305  0.360445 -0.483725  0.175260 -0.427321  0.695360 -0.376955   \n",
       "\n",
       "              dis       rad       tax   ptratio     black     lstat      medv  \n",
       "crim    -0.379670  0.625505  0.582764  0.289946 -0.385064  0.455621 -0.388305  \n",
       "zn       0.664408 -0.311948 -0.314563 -0.391679  0.175520 -0.412995  0.360445  \n",
       "indus   -0.708027  0.595129  0.720760  0.383248 -0.356977  0.603800 -0.483725  \n",
       "chas    -0.099176 -0.007368 -0.035587 -0.121515  0.048788 -0.053929  0.175260  \n",
       "nox     -0.769230  0.611441  0.668023  0.188933 -0.380051  0.590879 -0.427321  \n",
       "rm       0.205246 -0.209847 -0.292048 -0.355501  0.128069 -0.613808  0.695360  \n",
       "age     -0.747881  0.456022  0.506456  0.261515 -0.273534  0.602339 -0.376955  \n",
       "dis      1.000000 -0.494588 -0.534432 -0.232471  0.291512 -0.496996  0.249929  \n",
       "rad     -0.494588  1.000000  0.910228  0.464741 -0.444413  0.488676 -0.381626  \n",
       "tax     -0.534432  0.910228  1.000000  0.460853 -0.441808  0.543993 -0.468536  \n",
       "ptratio -0.232471  0.464741  0.460853  1.000000 -0.177383  0.374044 -0.507787  \n",
       "black    0.291512 -0.444413 -0.441808 -0.177383  1.000000 -0.366087  0.333461  \n",
       "lstat   -0.496996  0.488676  0.543993  0.374044 -0.366087  1.000000 -0.737663  \n",
       "medv     0.249929 -0.381626 -0.468536 -0.507787  0.333461 -0.737663  1.000000  "
      ]
     },
     "execution_count": 66,
     "metadata": {},
     "output_type": "execute_result"
    }
   ],
   "source": [
    "Boston.corr()"
   ]
  },
  {
   "cell_type": "code",
   "execution_count": 67,
   "metadata": {},
   "outputs": [],
   "source": [
    "# fit model through linear regression\n",
    "Y = Boston['medv']\n",
    "X = Boston['lstat']\n",
    "model = ols(\"Y~X\", data = Boston).fit()"
   ]
  },
  {
   "cell_type": "code",
   "execution_count": 68,
   "metadata": {},
   "outputs": [
    {
     "data": {
      "text/html": [
       "<table class=\"simpletable\">\n",
       "<caption>OLS Regression Results</caption>\n",
       "<tr>\n",
       "  <th>Dep. Variable:</th>            <td>Y</td>        <th>  R-squared:         </th> <td>   0.544</td>\n",
       "</tr>\n",
       "<tr>\n",
       "  <th>Model:</th>                   <td>OLS</td>       <th>  Adj. R-squared:    </th> <td>   0.543</td>\n",
       "</tr>\n",
       "<tr>\n",
       "  <th>Method:</th>             <td>Least Squares</td>  <th>  F-statistic:       </th> <td>   601.6</td>\n",
       "</tr>\n",
       "<tr>\n",
       "  <th>Date:</th>             <td>Wed, 09 Jan 2019</td> <th>  Prob (F-statistic):</th> <td>5.08e-88</td>\n",
       "</tr>\n",
       "<tr>\n",
       "  <th>Time:</th>                 <td>20:47:51</td>     <th>  Log-Likelihood:    </th> <td> -1641.5</td>\n",
       "</tr>\n",
       "<tr>\n",
       "  <th>No. Observations:</th>      <td>   506</td>      <th>  AIC:               </th> <td>   3287.</td>\n",
       "</tr>\n",
       "<tr>\n",
       "  <th>Df Residuals:</th>          <td>   504</td>      <th>  BIC:               </th> <td>   3295.</td>\n",
       "</tr>\n",
       "<tr>\n",
       "  <th>Df Model:</th>              <td>     1</td>      <th>                     </th>     <td> </td>   \n",
       "</tr>\n",
       "<tr>\n",
       "  <th>Covariance Type:</th>      <td>nonrobust</td>    <th>                     </th>     <td> </td>   \n",
       "</tr>\n",
       "</table>\n",
       "<table class=\"simpletable\">\n",
       "<tr>\n",
       "      <td></td>         <th>coef</th>     <th>std err</th>      <th>t</th>      <th>P>|t|</th>  <th>[0.025</th>    <th>0.975]</th>  \n",
       "</tr>\n",
       "<tr>\n",
       "  <th>Intercept</th> <td>   34.5538</td> <td>    0.563</td> <td>   61.415</td> <td> 0.000</td> <td>   33.448</td> <td>   35.659</td>\n",
       "</tr>\n",
       "<tr>\n",
       "  <th>X</th>         <td>   -0.9500</td> <td>    0.039</td> <td>  -24.528</td> <td> 0.000</td> <td>   -1.026</td> <td>   -0.874</td>\n",
       "</tr>\n",
       "</table>\n",
       "<table class=\"simpletable\">\n",
       "<tr>\n",
       "  <th>Omnibus:</th>       <td>137.043</td> <th>  Durbin-Watson:     </th> <td>   0.892</td>\n",
       "</tr>\n",
       "<tr>\n",
       "  <th>Prob(Omnibus):</th> <td> 0.000</td>  <th>  Jarque-Bera (JB):  </th> <td> 291.373</td>\n",
       "</tr>\n",
       "<tr>\n",
       "  <th>Skew:</th>          <td> 1.453</td>  <th>  Prob(JB):          </th> <td>5.36e-64</td>\n",
       "</tr>\n",
       "<tr>\n",
       "  <th>Kurtosis:</th>      <td> 5.319</td>  <th>  Cond. No.          </th> <td>    29.7</td>\n",
       "</tr>\n",
       "</table><br/><br/>Warnings:<br/>[1] Standard Errors assume that the covariance matrix of the errors is correctly specified."
      ],
      "text/plain": [
       "<class 'statsmodels.iolib.summary.Summary'>\n",
       "\"\"\"\n",
       "                            OLS Regression Results                            \n",
       "==============================================================================\n",
       "Dep. Variable:                      Y   R-squared:                       0.544\n",
       "Model:                            OLS   Adj. R-squared:                  0.543\n",
       "Method:                 Least Squares   F-statistic:                     601.6\n",
       "Date:                Wed, 09 Jan 2019   Prob (F-statistic):           5.08e-88\n",
       "Time:                        20:47:51   Log-Likelihood:                -1641.5\n",
       "No. Observations:                 506   AIC:                             3287.\n",
       "Df Residuals:                     504   BIC:                             3295.\n",
       "Df Model:                           1                                         \n",
       "Covariance Type:            nonrobust                                         \n",
       "==============================================================================\n",
       "                 coef    std err          t      P>|t|      [0.025      0.975]\n",
       "------------------------------------------------------------------------------\n",
       "Intercept     34.5538      0.563     61.415      0.000      33.448      35.659\n",
       "X             -0.9500      0.039    -24.528      0.000      -1.026      -0.874\n",
       "==============================================================================\n",
       "Omnibus:                      137.043   Durbin-Watson:                   0.892\n",
       "Prob(Omnibus):                  0.000   Jarque-Bera (JB):              291.373\n",
       "Skew:                           1.453   Prob(JB):                     5.36e-64\n",
       "Kurtosis:                       5.319   Cond. No.                         29.7\n",
       "==============================================================================\n",
       "\n",
       "Warnings:\n",
       "[1] Standard Errors assume that the covariance matrix of the errors is correctly specified.\n",
       "\"\"\""
      ]
     },
     "execution_count": 68,
     "metadata": {},
     "output_type": "execute_result"
    }
   ],
   "source": [
    "model.summary()"
   ]
  },
  {
   "cell_type": "code",
   "execution_count": 69,
   "metadata": {},
   "outputs": [
    {
     "data": {
      "text/html": [
       "<div>\n",
       "<style scoped>\n",
       "    .dataframe tbody tr th:only-of-type {\n",
       "        vertical-align: middle;\n",
       "    }\n",
       "\n",
       "    .dataframe tbody tr th {\n",
       "        vertical-align: top;\n",
       "    }\n",
       "\n",
       "    .dataframe thead th {\n",
       "        text-align: right;\n",
       "    }\n",
       "</style>\n",
       "<table border=\"1\" class=\"dataframe\">\n",
       "  <thead>\n",
       "    <tr style=\"text-align: right;\">\n",
       "      <th></th>\n",
       "      <th>0</th>\n",
       "      <th>1</th>\n",
       "      <th>2</th>\n",
       "    </tr>\n",
       "  </thead>\n",
       "  <tbody>\n",
       "    <tr>\n",
       "      <th>0</th>\n",
       "      <td>29.822595</td>\n",
       "      <td>25.618169</td>\n",
       "      <td>34.027022</td>\n",
       "    </tr>\n",
       "    <tr>\n",
       "      <th>1</th>\n",
       "      <td>25.870390</td>\n",
       "      <td>21.669748</td>\n",
       "      <td>30.071032</td>\n",
       "    </tr>\n",
       "    <tr>\n",
       "      <th>2</th>\n",
       "      <td>30.725142</td>\n",
       "      <td>26.519457</td>\n",
       "      <td>34.930827</td>\n",
       "    </tr>\n",
       "    <tr>\n",
       "      <th>3</th>\n",
       "      <td>31.760696</td>\n",
       "      <td>27.553387</td>\n",
       "      <td>35.968004</td>\n",
       "    </tr>\n",
       "    <tr>\n",
       "      <th>4</th>\n",
       "      <td>29.490078</td>\n",
       "      <td>25.286078</td>\n",
       "      <td>33.694078</td>\n",
       "    </tr>\n",
       "  </tbody>\n",
       "</table>\n",
       "</div>"
      ],
      "text/plain": [
       "           0          1          2\n",
       "0  29.822595  25.618169  34.027022\n",
       "1  25.870390  21.669748  30.071032\n",
       "2  30.725142  26.519457  34.930827\n",
       "3  31.760696  27.553387  35.968004\n",
       "4  29.490078  25.286078  33.694078"
      ]
     },
     "execution_count": 69,
     "metadata": {},
     "output_type": "execute_result"
    }
   ],
   "source": [
    "# predict the model\n",
    "dt = summary_table(model, alpha = 0.5)[1]\n",
    "Y_prd = dt[:, 2]\n",
    "Yprd_ci_lower, Yprd_ci_upper = dt[:, 6:8].T\n",
    "pd.DataFrame(np.column_stack([Y_prd, Yprd_ci_lower, Yprd_ci_upper])).head()"
   ]
  },
  {
   "cell_type": "code",
   "execution_count": 72,
   "metadata": {},
   "outputs": [
    {
     "name": "stdout",
     "output_type": "stream",
     "text": [
      "AxesSubplot(0.125,0.125;0.352273x0.755)\n",
      "AxesSubplot(0.547727,0.125;0.352273x0.755)\n"
     ]
    },
    {
     "data": {
      "text/plain": [
       "Text(0.5,1,'Non-Linear Model')"
      ]
     },
     "execution_count": 72,
     "metadata": {},
     "output_type": "execute_result"
    },
    {
     "data": {
